x
100
102.568344504393
101.54076711216
96.4750710950688
100.726800235526
97.7420521449326
89.8263518637221
78.1310059101578
70.0609603659215
61.2030375247492
47.2665639521555
70.425691689736
80.6812440675776
84.8958297833667
113.086420685652
111.935269279328
101.341283696778
100.816497443619
112.455946692476
107.326889793953
101.70694335376
103.208169250778
102.297148471616
81.5997372359905
88.9597788980915
75.3557138535029
90.6653030811638
114.483674632198
108.049416271156
127.653990034614
123.944114332134
134.268571862149
141.476760647273
161.838082739786
165.320214136483
146.46601911059
166.31908955722
167.341644520178
177.92059402475
172.986959343113
177.333349701821
168.276626327359
163.928941204909
149.617851065295
140.487303873865
123.645802734386
121.484684204241
114.713560948058
113.366722277005
96.870455127566
83.0202000634012
104.411486554045
70.7345496342539
81.8526458976334
94.3792992274501
91.0216258978065
86.7597486849072
78.8803412102531
68.6930044075519
52.4837081865953
34.7747902848931
41.0423719131927
49.2901039697715
48.4924038377076
68.2269215155368
63.0577236826229
82.7006136920114
56.9128863002879
68.6308756954415
75.2028141764418
79.7909052310601
87.5471260134663
95.666216472946
109.365729053514
100.701989834615
104.129949129156
88.1305421352521
97.9632870086814
73.4010121037746
73.1488352431888
64.2390877048708
80.744809470848
87.443572052451
91.1407612797638
87.9977788369139
82.917092552632
87.7013015519419
89.8322602433993
92.6478656730192
87.4617226020904
83.2021786097254
94.2872749458396
89.9830876203703
95.6378735177485
102.484271102611
96.6460876442513
99.7289158829758
111.093213269612
128.878597790919
122.34625161927
100.500745198677
104.666947799609
111.995981635665
92.4252326298205
89.7805404895933
83.7785072265418
79.1286129888536
81.8917635977584
91.4227349096541
91.0172428737771
92.9809175803011
78.9731056591336
91.1719603722572
91.8977007160461
81.9350107382232
72.0973782674165
82.4987840502492
95.5222615999903
108.858056422035
112.107470167434
110.955562396846
98.4594530709425
102.815773927822
96.554876860864
85.034707402533
85.0450080271569
77.8955364416334
84.5171290597491
102.860980951536
123.097307673199
111.636732588515
108.025028923079
99.8604640302706
102.599478832766
106.048557859732
102.880889152526
108.367309458551
96.1462354430013
96.596712116163
116.559839054347
113.205383507658
111.209845057572
118.527781898824
114.092819839432
106.750728661101
100.954706911807
92.0082858430079
103.129208996319
103.563393838431
110.574922021896
117.38430680689
124.531174380617
133.118880561378
125.344502289047
135.297310118933
122.776476382165
127.855155180991
136.784693234753
125.928737446053
100.329391974176
122.141275510642
130.726571894218
127.975059890359
108.673344402177
115.846339780707
110.774241149487
126.926745167411
132.247068916256
136.433358133235
151.281444935996
151.217859391116
139.166196055331
121.637062719595
123.389303204224
109.694094914895
122.881891036956
123.053968915444
131.577994608677
133.16193504847
140.374892305711
117.531536522218
131.220584918523
135.675298609343
136.549677162553
131.326312626316
126.630400117625
133.092300911398
141.917713559116
150.276121361835
149.137616590861
147.096348408691
146.10439715217
138.990401858307
132.695893451366
140.806003604102
114.206055427448
119.380984645134
127.602749708893
132.796616147508
128.213475771446
